function p = parameters_invivo()

p.r = 0.1321;
p.L = 2.73*1e9;
p.beta = 25;%19.94;
p.eta = 9.04*1e5;
p.k = 0.2567;%0.1973;
p.eps = 0.98;%1.0772;
p.gamma = 4.25*1e-3;
p.d_D = 5.8;%0.458;
p.d_V = 23.11;
p.alpha_v = 100.56;
p.alpha_B = 4.6*1e4;%150;
p.d_B = 2.65;%0.383;
p.s = 28.7;%20;
p.d_T = 0.35;
p.U0 = 1e6;
p.V0 = 1E6;
p.B0 = 21.7;
p.K0 = 2.5*1e5;

end
